patients = {
    'meg14_0175'
    'meg13_0133'
    'meg13_0270'
    'meg12_0458'
    'meg13_0124'
    'meg12_0472'
    'meg14_0223'
    'meg14_0308'
    'meg14_0289'
    'meg15_0149'
    'meg15_0105'
    'meg15_0069'
    'meg15_0208'
    'meg15_0522'
    'meg15_0521'
    'meg15_0083'
    'meg15_0139'
    'meg15_0185'
    };

patient_ages = [
    65.83561644
    70.50136986
    69.45479452
    70.18082192
    66.56986301
    63.11506849
    71.24931507
    69.6739726
    68.03287671
    52.6
    67.86849315
    64.68493151
    72.16438356
    70.83287671
    75.41643836
    79.31780822
    58.16712329
    68.35616438
    ];

patient_sex = [
    1
    1
    1
    1
    2
    2
    1
    2
    2
    1
    1
    1
    2
    2
    2
    2
    1
    2] ; %1 = female, 2 = male

patient_wbic = [16671
19171
19411
20378
20692
21153
22076
22869
23377
23476
23936
23977
24413
24601
24639
NaN
NaN
NaN
];
    
controls = {
    'meg16_0200'
    'meg16_0208'
    'meg16_0215'
    'meg14_0176'
    'meg14_0471'
    'meg14_0325'
    'meg14_0329'
    'meg14_0331'
    'meg14_0342'
    'meg14_0473'
    'meg14_0475'
    'meg14_0500'
    'meg14_0502'
    'meg14_0504'
    'meg14_0508'
    'meg16_0197'
    'meg16_0201'
    'meg16_0207'
    'meg16_0210'
    'meg16_0211'
    'meg16_0213'
    };